0 2862772 746194 3883436 2289282 1830707 1434551 354294 257893 3619177 1083321 917560 1620039 1449873 791944 590241 2235085 1335341 1988619 1318202 1850999 505738 1164240 3460177 1659111 4020873 2071599 1557119 2136883 1874650 914513 2552289 1065693 1275446 4378580 1410511 1937012 592209 2286361 455426 1330167 3143953 2149258 1114376 4475570 1051162 1447239 2440334 
2860382 0 2161828 1214885 1466874 4134437 3919503 3031370 2971174 1600706 2575476 2810373 2491081 2088301 2922694 2324641 4538815 3785325 4292348 3199048 2883438 2362834 2301171 1832256 2246032 1477027 4375329 3876356 847023 4065919 3579381 2902220 3089017 1619024 2075299 3683747 4240743 3314056 2306776 2706283 1686325 1058318 4326137 3696044 2327997 3230847 2998707 1626931 
744304 2164244 0 3153653 1559500 2169403 1780771 1097984 835510 2876946 804988 942366 990487 767083 895429 773727 2573781 1681560 2327315 1344632 1382845 554782 564674 2813271 993291 3278642 2410295 1903020 1407100 2144143 1433664 1953398 1169177 545663 3636349 1718712 2275708 1178392 1620542 560565 827723 2401721 2487954 1550326 3733339 1184130 1228220 1704145 
3880970 1217230 3152778 0 1903602 4711650 4563545 4246699 3972176 888885 3295518 3518072 2757168 2755933 3739531 3539970 5094014 4429366 4847549 3614679 3149525 3578162 3088689 1629463 2459498 263549 4930527 4520397 1837973 4577439 4566626 2550462 3806045 2609971 862955 4327789 4817956 4315058 2517209 3729930 2901655 1045182 4837657 4559094 1115653 4047686 3325471 1748515 
2286669 1468485 1558474 1904037 0 3036910 2858746 2691988 2261086 1338456 1515020 1749617 1082428 872850 1874919 2127641 3419273 2724567 3172808 1939937 1474785 2064754 1224075 1274781 784758 1740152 3255786 2815599 635910 2902696 2702013 1440945 2028261 1093560 2097859 2622990 3143216 2572207 845500 1865316 1713218 863231 3162916 2694480 2194850 2183073 1650730 165656 
1838640 4140465 2173802 4698280 3024463 0 452984 1949802 1580835 4132698 1673579 1331145 1942857 2206942 1360287 2378301 410380 534832 163917 1162535 2072807 2117829 1921309 3819671 2250831 4534393 246896 296430 3383321 183063 1000845 2774096 1050445 2521884 4892100 463823 140579 1324532 2700963 1614276 2995349 3657473 321569 731597 4818951 1044903 1669046 2953855 
1437915 3924070 1793197 4566191 2861935 449780 0 1549078 1180110 4000609 1457184 1114750 1810769 1990548 1073742 1997696 854157 108000 607693 1121679 1940718 1737223 1704914 3687582 2118742 4402304 690671 181113 3166927 496194 600120 2642007 834050 2305489 4760011 206967 556086 923807 2568874 1233672 2614744 3525384 768331 330872 4686862 758359 1536957 2821766 
333458 3031370 1082149 4246303 2694840 1942754 1546599 0 432276 3992756 1456899 1291138 1993617 1823451 1086940 710427 2347132 1447388 2100666 1679015 2224579 854155 1537818 3833755 2032689 4394451 2183646 1669167 2607459 1989167 987777 2925868 1346843 1746023 4752158 1590866 2049060 726335 2659939 832807 1450353 3517531 2261305 1226423 4849149 1300601 1820818 2813912 
260506 2972412 836580 3973823 2263403 1573652 1177496 433604 0 3561318 1025462 859701 1562180 1392014 655501 846392 1978029 1078286 1731564 1247578 1793141 615379 1106381 3402318 1601252 3963014 1814544 1300064 2227271 1617595 657458 2494430 915406 1365834 4320721 1153456 1679957 344336 2228502 401370 1559166 3086094 1892203 857321 4417712 809572 1389381 2382475 
3617945 1602755 2876404 888093 1338449 4146498 3998391 3991447 3560545 0 2730365 2952917 2192014 2190779 3174379 3445570 4528862 3864213 4282395 3049525 2506757 3382684 2523536 885789 1894346 724207 4365375 3955244 1968145 4012284 4001474 1806788 3240891 2411489 764497 3762636 4252803 3871667 2040839 3164777 3031148 546557 4272504 3993940 861489 3482533 2760316 1183362 
1082810 2576951 804614 3292092 1514516 1668808 1453874 1456314 1025413 2726511 0 335417 536671 643128 600924 1223199 2073186 1319696 1826721 623183 826603 945405 357495 2518990 844643 3128206 1909699 1410728 1819808 1585943 1428018 1527892 623390 958371 3485913 1218119 1775114 1328616 1345174 629642 1578029 2251286 1846162 1420485 3518270 909077 422843 1547667 
915554 2809383 940153 3517704 1747248 1326796 1111863 1289055 858154 2952124 335282 0 762284 875860 267154 1358738 1731174 977686 1484709 409349 933311 1080944 590227 2680175 1070256 3353819 1567688 1068716 2052240 1258280 1094248 1634600 281378 1190802 3711526 876108 1433102 994846 1561468 462384 1761700 2476899 1518499 1086715 3679455 575307 529550 1773280 
1618563 2493566 990722 2756352 1082537 1957840 1809735 1992066 1561165 2190771 541708 764261 0 413553 1029768 1744860 2340203 1675557 2093739 860869 395715 1467066 554977 1983250 308904 2592467 2176718 1766588 1712233 1823629 1856862 1078552 1052234 874985 2950174 1573979 2064145 1757460 809435 1165396 1494643 1715547 2083847 1800241 2982531 1337921 571660 1011928 
1446970 2097586 763974 2754968 871941 2202163 1987229 1820471 1389571 2189387 643504 878101 412291 0 1003403 1513087 2606540 1853051 2360076 1267075 804648 1264648 352560 2125712 265965 2591083 2443053 1944083 1340442 2133647 1830499 1344771 1156745 479006 2948790 1751474 2308469 1700691 1011915 993800 1098664 1714162 2393864 1822964 3045780 1311557 981881 1016587 
789257 2923134 893726 3737809 1874312 1356021 1070280 1087241 656340 3172229 600870 265663 1027870 1002924 0 1278315 1760398 936103 1513933 666305 1199103 1000521 717291 2945967 1212162 3573924 1596913 1104154 2165991 1307243 837349 1900392 332276 1304554 3931631 905331 1462326 737947 1827260 336089 1715272 2697004 1567460 829816 3945247 318408 795342 1993385 
591986 2324526 773540 3539459 2127883 2377909 1989278 714614 849828 3445330 1228902 1366279 1750348 1504445 1287446 0 2782287 1890067 2535821 1768547 2055895 283912 1264094 3381655 1758964 3801602 2618801 2111526 1900615 2391357 1506447 2719071 1561193 1039179 4204733 1927220 2484215 1184144 2386215 950927 743509 2970105 2696460 1706310 4301723 1555285 1652134 2272528 
2242496 4544321 2577657 5093002 3419186 411001 856839 2353659 1984690 4527421 2077435 1735001 2337581 2610798 1764141 2782155 0 938687 269116 1500789 2467529 2521683 2325165 4214392 2645552 4929117 265256 700285 3787178 521318 1404700 3168818 1454301 2925740 5286824 867677 349681 1728387 3095686 2018131 3399204 4052196 443582 1135452 5213672 1448758 2063769 3348578 
1336425 3785640 1691707 4427761 2723505 528168 103355 1447588 1078620 3862179 1318754 976320 1672339 1852117 935313 1896206 932545 0 686081 983248 1802288 1635734 1566484 3549152 1980311 4263874 769061 254582 3028497 574582 498630 2503577 695620 2167059 4621582 179433 634474 822317 2430444 1132182 2513254 3386954 846719 229382 4548432 619930 1398527 2683336 
1993949 4295774 2329111 4844458 3170641 162455 608293 2105113 1736144 4278876 1828888 1486454 2089037 2362251 1515595 2533609 260999 690141 0 1252243 2218984 2273138 2076618 3965847 2397008 4680572 111750 451738 3538631 272773 1156154 2920273 1205754 2677193 5038279 619131 80767 1479841 2847141 1769585 3150658 3803651 290076 886906 4965127 1200212 1815224 3100033 
1318128 3201325 1344677 3614306 1940489 1160402 1119295 1677796 1246895 3048724 627540 410156 858885 1267501 661374 1763262 1499582 985118 1253118 0 990295 1485468 981868 2737159 1166856 3450420 1336096 1076148 2444181 983008 1271997 1691584 401776 1582744 3808127 883539 1243571 1328502 1618452 864960 2166224 2573499 1228452 1109800 3736439 754551 586535 1869881 
1849112 2886373 1383530 3149341 1475525 2085697 1937592 2222616 1791715 2506248 829289 935798 394250 806361 1200714 2049322 2468061 1803414 2221596 990691 0 1771528 947785 1750068 701892 2985455 2304575 1894445 2105221 1951486 2027808 704494 1211075 1267792 2873301 1701836 2192002 1928406 783887 1395946 1887451 2108535 2211705 1928099 2749350 1508867 419304 1404916 
503622 2362605 555980 3577538 2065083 2112824 1724193 854506 614413 3382529 946774 1084152 1468220 1267599 1000940 278647 2517202 1624982 2270736 1486419 1773767 0 981966 3277902 1476837 3784225 2353716 1846443 1837815 2126274 1271090 2436944 1274689 976378 4141932 1662135 2219130 957295 2104086 666077 949359 2907304 2431375 1470953 4238922 1290201 1370006 2209727 
1161399 2301926 564599 3088697 1225201 1916596 1701661 1534902 1104001 2523116 357935 592532 554434 353812 717834 1256874 2320973 1567483 2074509 981507 946791 979080 0 2364115 563050 2924812 2157486 1658514 1544782 1848078 1544929 1523156 871176 683346 3282518 1465906 2022901 1415122 1190300 708231 1303004 2047892 2108296 1537395 3379510 1025988 781166 1344273 
3458251 1834708 2813373 1629794 1275416 3833321 3685214 3831752 3400852 885351 2523252 2683423 1984903 2127747 2948339 3382539 4215686 3551037 3969220 2738316 1750964 3275930 2363842 0 1831572 1465909 4052199 3642070 1905112 3699111 3775434 1050997 2958700 2348458 1137343 3449461 3939626 3676031 1285048 3005083 2968116 778509 3959329 3675723 1013392 3256493 2166928 1113459 
1662358 2253908 997901 2465453 791637 2262430 2114325 2035862 1604961 1899871 846298 1068851 307948 389177 1218793 1757833 2644794 1980147 2398328 1165459 700305 1480039 567950 1836445 0 2301567 2481307 2071178 1421333 2128219 2045888 1070236 1356824 709303 2659274 1878569 2368735 1916081 737380 1209190 1328961 1424647 2388436 2038354 2756264 1526947 876250 721028 
4017748 1479342 3276208 263160 1738253 4546302 4398193 4391249 3960351 723535 3130170 3352723 2591819 2590583 3574182 3802082 4928664 4264014 4682199 3449330 2984176 3782489 2923340 1464113 2294149 0 4765179 4355050 2094805 4412089 4401279 2385112 3640695 2811294 904461 4162440 4652607 4271470 2351861 3564580 3163766 879832 4672308 4393744 1157158 3882336 3160122 1583166 
2074814 4376639 2409976 4925322 3251505 243320 689158 2185977 1817009 4359740 1909753 1567319 2169900 2443116 1596460 2614475 263903 771006 109299 1333107 2299848 2354003 2157483 4046711 2477872 4761435 0 532604 3619495 353637 1237019 3001137 1286619 2758059 5119142 699996 187215 1560706 2928005 1850450 3231523 3884515 186474 967771 5045992 1281077 1896088 3180897 
1559205 3877881 1902564 4520002 2815746 290461 179146 1670368 1301400 3954421 1410995 1068561 1764581 1944358 1103081 2107062 694838 255397 448374 1075489 1894529 1846590 1658725 3641392 2072552 4356116 531353 0 3120737 336875 721410 2595819 787861 2259301 4713823 204094 396767 1045097 2522686 1343037 2724110 3479195 609012 452162 4640673 787698 1490768 2775577 
2134614 847007 1406421 1836417 635782 3379029 3164095 2607049 2225819 1968639 1820067 2054965 1712612 1332894 2167286 1900320 3783407 3029917 3536941 2443639 2104969 1837433 1545764 1904965 1414941 2093023 3619921 3120948 0 3310511 2823974 2071128 2333609 863615 2728042 2928339 3485335 2568702 1475684 1950876 1521560 1493414 3570729 2940637 2825032 2475439 2280914 795840 
1872919 4066469 2144585 4576614 2902799 181146 493477 1990297 1615114 4011034 1589849 1257150 1821194 2132947 1305854 2386216 520326 575325 273862 984401 1951142 2125745 1847314 3698005 2129165 4412729 356842 336923 3309326 0 1041338 2652432 978089 2447888 4770436 471739 264315 1365025 2579299 1586949 2966132 3535808 275238 772090 4697285 1052819 1547381 2832190 
916127 3580417 1432582 4565602 2702105 994892 598736 988127 658322 4000021 1428663 1093455 1855665 1830717 836184 1502012 1399270 499526 1152805 1270572 2026894 1270998 1545084 3773757 2039955 4401717 1235784 721305 2823271 1041305 0 2728183 857935 1961836 4759424 643003 1101197 362856 2655052 873055 2214785 3524797 1313443 278560 4773037 518678 1623134 2821178 
2549689 2903274 1951254 2550499 1441003 2786274 2638168 2923192 2492292 1806055 1529866 1636375 1075511 1342530 1901291 2711186 3168638 2503989 2922173 1691268 703916 2433392 1521303 1049875 1069242 2386614 3005153 2595022 2070698 2652063 2728384 0 1911652 1807916 2173107 2402413 2892579 2628983 338247 2096522 2427574 1699213 2912281 2628676 2049156 2209445 1119880 1279046 
1062190 3091989 1166658 3807525 2029854 1045802 830867 1344348 913447 3241945 625103 282669 1052105 1158466 327927 1551248 1450179 696690 1203715 403995 1212142 1273454 872833 2959005 1360077 3643640 1286694 787720 2334845 979493 857761 1913431 0 1473408 4001348 595112 1152107 910532 1840300 609022 1988205 2766720 1239711 821373 3958286 340315 808382 2063102 
1272975 1619677 544781 2609086 1094692 2517388 2302454 1745910 1364178 2412139 958427 1193325 874034 471253 1305646 1039182 2921766 2168276 2675300 1582000 1266391 976295 684124 2348464 702403 2813835 2758280 2259307 862534 2448871 1962333 1810834 1471969 0 3171541 2066699 2623694 1707061 1477978 1089235 624759 1936914 2709089 2078995 3268533 1613799 1381659 1239338 
4377867 2076778 3636326 862219 2098370 4906418 4758311 4751368 4320467 766515 3490286 3712838 2951935 2950700 3934300 4205491 5288782 4624132 5042316 3809446 2872672 4142606 3283457 1137215 2654265 905033 5125295 4715165 2728065 4772207 4761396 2172704 4000812 3171411 0 4522557 5012722 4631589 2406754 3924698 3761202 1306476 5032424 4753862 257620 4242454 3288635 1943283 
1408855 3684317 1717653 4326438 2622181 457734 204026 1590386 1151050 3760857 1217430 874996 1571016 1750793 904137 1922152 862110 179946 615647 881925 1700965 1661680 1465160 3447828 1878988 4162552 698625 204353 2927171 471184 641427 2402254 594296 2065736 4520259 0 564040 917835 2329122 1158128 2539200 3285631 776285 372179 4447108 588754 1297204 2582013 
1937519 4239345 2272681 4815466 3141650 142996 551863 2048683 1679714 4249885 1772458 1430024 2060046 2305821 1459166 2477180 340448 633711 83056 1246427 2189994 2216708 2020188 3936857 2368017 4651581 192470 395309 3482200 266957 1099724 2891284 1149324 2620763 5009288 562702 0 1423411 2818151 1713156 3094228 3774660 370796 830476 4936137 1143782 1786233 3071042 
595700 3315428 1179596 4316838 2573257 1317619 921463 724433 345720 3871174 1330080 994873 1757081 1701869 737601 1181585 1721997 822253 1475531 1324012 1928312 958395 1416236 3675176 1911107 4272869 1558511 1044032 2570287 1364032 362639 2629601 911375 1708850 4630576 916002 1423924 0 2538358 711225 1902182 3395949 1636170 601287 4674456 572117 1524552 2692331 
2283416 2306735 1618959 2516155 844464 2713256 2565149 2656918 2226018 2039482 1348420 1563356 810070 1010235 1828271 2378891 3095619 2430970 2849154 1618249 784298 2101096 1189008 1283302 736947 2352269 2932134 2522004 1474159 2579045 2655365 338737 1838633 1475620 2406533 2329395 2819561 2537140 0 1830249 2095279 1475348 2839263 2555657 2282583 2136426 1046863 696303 
453371 2708692 560858 3731251 1867754 1609589 1220957 831209 400308 3165671 629814 464053 1166532 996367 338437 945608 2013966 1121746 1767502 864695 1397492 667653 710733 3006669 1205604 3567366 1850480 1343206 1951548 1587151 873850 2098781 612186 1090111 3925073 1158899 1715894 711428 1832853 0 1382404 2690446 1928140 990512 4022064 627138 993732 1986827 
1327311 1684955 827700 2899889 1713978 2990221 2601589 1449941 1557388 3031425 1577713 1763184 1493319 1090540 1716248 743213 3394599 2502377 3148133 2165452 1885677 949047 1303410 2967750 1321689 3162032 3231114 2723838 1521083 2964963 2214065 2430121 1989995 625274 3760304 2539531 3096527 1900270 2097264 1381385 0 2556200 3308772 2371146 3887818 2004949 2000945 1858624 
3142839 1060314 2401297 1045141 863342 3671391 3523284 3516341 3085439 546172 2255259 2477811 1716909 1715673 2699273 2970463 4053754 3389106 3807289 2574418 2109266 2907577 2048430 777722 1419239 881256 3890267 3480137 1493038 3537177 3526368 1698722 2765785 1936383 1305574 3287529 3777697 3396561 1476950 2689671 2556041 0 3797397 3518834 1402566 3007427 2285210 708255 
2156208 4323516 2491369 4833660 3159844 321784 770551 2267371 1898402 4268080 1846895 1514196 2078240 2389993 1562900 2695867 444966 852399 290362 1223638 2208188 2435395 2104360 3955052 2386211 4669775 187206 613996 3566371 273511 1318412 2909477 1235135 2704936 5027482 781389 368279 1642099 2836345 1931843 3312916 3792854 0 1049164 4954332 1362470 1804427 3089236 
1113504 3699551 1551716 4560735 2697237 726660 330505 1224666 855699 3995154 1423794 1088587 1809426 1825849 831316 1699389 1131037 231295 884573 1120333 1939374 1468375 1540216 3686237 2035087 4396850 967551 453074 2942406 773074 275709 2640664 832706 2080970 4754556 374772 832966 599396 2567531 992190 2373263 3519929 1045211 0 4685517 513810 1535613 2816311 
4455560 2329702 3732675 1115143 2194719 4830634 4682526 4829062 4398162 862865 3520562 3680733 2982211 3047050 3945649 4301841 5212996 4548347 4966530 3735627 2748273 4238957 3361151 1012816 2750615 1157957 5049510 4639381 2824415 4696422 4772743 2048305 3956010 3267761 256731 4446771 4936937 4673342 2282357 4002392 3887420 1402826 4956639 4673033 0 4253802 3164238 2039632 
1047963 3232744 1181104 4047421 2183924 1039260 753521 1299760 804724 3481839 910481 575273 1337482 1312535 318002 1548412 1443638 619344 1197172 753067 1508712 1287941 1026902 3255575 1521773 3883535 1280152 787395 2475600 1052710 518737 2210002 340430 1614164 4241242 588571 1145566 571508 2136870 623468 2002651 3006615 1357811 511203 4254855 0 1104952 2302996 
1445302 2999263 1226926 3322765 1648950 1681888 1533783 1818806 1387905 2757185 425478 531988 567345 979517 796904 1645511 2064250 1399605 1817787 586881 420199 1367717 779807 2167062 875316 3158880 1900765 1490636 2278645 1547676 1623998 1121488 807265 1380682 3290294 1298027 1788193 1524596 1048356 992135 2000341 2281959 1807896 1524290 3166343 1105057 0 1578341 
2437803 1627973 1703658 1748004 165702 2966356 2818251 2811304 2380404 1182423 1550224 1772777 1011873 1018034 1994237 2272824 3348719 2684071 3102254 1869385 1404231 2209939 1343394 1112703 714204 1584119 3185233 2775104 795398 2832145 2821333 1278866 2060750 1238743 1941826 2582496 3072662 2691526 696530 1984634 1858402 707198 3092362 2813798 2038817 2302391 1580176 0 
